gs
6.225742e+01,
1.242026e+02,
2.480926e+02,
4.956018e+02,
9.900891e+02,
1.978026e+03,
3.951865e+03,
7.895541e+03,
1.577500e+04,
3.151832e+04,
6.297410e+04,
1.258244e+05,
2.514036e+05,
5.023207e+05,
1.003675e+06,
2.005429e+06,
4.007036e+06,
8.006466e+06,
1.599778e+07,
3.196537e+07,
6.387057e+07,
1.276211e+08,
2.550029e+08,
5.095284e+08,
1.018104e+09,
2.034305e+09,
4.064813e+09,
8.122044e+09,
1.622895e+10,
3.242765e+10,
6.479488e+10,
1.294691e+11,
2.586970e+11,
5.169120e+11,
1.032861e+12,
2.063798e+12,
4.123749e+12,
8.239810e+12,
1.646425e+13,
3.289778e+13,
6.573414e+13,
1.313455e+14,
2.624455e+14,
5.244000e+14,
1.047819e+15,
2.093674e+15,
4.183424e+15,
8.358999e+15,
1.670230e+16,
3.337321e+16,
6.668364e+16,
1.332417e+17,
2.662323e+17,
5.319623e+17,
1.062920e+18,
2.123830e+18,
4.243640e+18,
8.479239e+18,
1.694239e+19,
3.385261e+19,
6.764084e+19,
1.351529e+20,
2.700482e+20,
5.395811e+20,
1.078131e+21,
2.154200e+21,
4.304273e+21,
8.600289e+21,
1.718406e+22,
3.433507e+22,
6.860401e+22,
1.370757e+23,
2.738867e+23,
5.472438e+23,
1.093428e+24,
2.184735e+24,
4.365228e+24,
8.721965e+24,
1.742694e+25,
3.481989e+25,
6.957176e+25,
1.390074e+26,
2.777425e+26,
5.549399e+26,
1.108789e+27,
2.215396e+27,
4.426425e+27,
8.844110e+27,
1.767073e+28,
3.530646e+28,
7.054288e+28,
1.409456e+29,
2.816107e+29,
5.626600e+29,
1.124197e+30,
2.246145e+30,
4.487790e+30,
8.966576e+30,
1.791513e+31,
3.579420e+31,
7.151621e+31,
1.428880e+32,
2.854868e+32,
5.703950e+32,
1.139632e+33,
2.276946e+33,
4.549254e+33,
9.089223e+33,
1.815986e+34,
3.628254e+34,
7.249064e+34,
1.448323e+35,
2.893664e+35,
5.781360e+35,
1.155078e+36,
2.307764e+36,
4.610743e+36,
9.211908e+36,
1.840464e+37,
3.677092e+37,
7.346503e+37,
1.467763e+38,
2.932449e+38,
5.858740e+38,
1.170515e+39,
2.338563e+39,
4.672186e+39,
9.334486e+39,
1.864918e+40,
3.725875e+40,
7.443821e+40,
1.487177e+41,
2.971177e+41,
5.935995e+41,
1.185926e+42,
2.369304e+42,
4.733508e+42,
9.456806e+42,
1.889317e+43,
3.774544e+43,
7.540898e+43,
1.506540e+44,
3.009799e+44,
6.013029e+44,
1.201291e+45,
2.399949e+45,
4.794629e+45,
9.578710e+45,
1.913630e+46,
3.823034e+46,
7.637606e+46,
1.525827e+47,
3.048263e+47,
6.089738e+47,
1.216589e+48,
2.430457e+48,
4.855468e+48,
9.700033e+48,
1.937824e+49,
3.871279e+49,
7.733810e+49,
1.545011e+50,
3.086516e+50,
6.166014e+50,
1.231798e+51,
2.460783e+51,
4.915935e+51,
9.820597e+51,
1.961863e+52,
3.919207e+52,
7.829368e+52,
1.564063e+53,
3.124500e+53,
6.241742e+53,
1.246895e+54,
2.490881e+54,
4.975938e+54,
9.940215e+54,
1.985708e+55,
3.966743e+55,
7.924129e+55,
1.582952e+56,
3.162154e+56,
6.316798e+56,
1.261856e+57,
2.520702e+57,
5.035377e+57,
1.005869e+58,
2.009322e+58,
4.013807e+58,
8.017929e+58,
1.601647e+59,
3.199412e+59,
6.391051e+59,
1.276654e+60,
2.550192e+60,
5.094146e+60,
1.017580e+61,
2.032659e+61,
4.060312e+61,
8.110597e+61,
1.620112e+62,
3.236205e+62,
6.464362e+62,
1.291261e+63,
2.579296e+63,
5.152131e+63,
1.029133e+64,
2.055676e+64,
4.106165e+64,
8.201947e+64,
1.638310e+65,
3.272458e+65,
6.536580e+65,
1.305647e+66,
2.607952e+66,
5.209211e+66,
1.040502e+67,
2.078321e+67,
4.151270e+67,
8.291782e+67,
1.656202e+68,
3.308091e+68,
6.607544e+68,
1.319779e+69,
2.636095e+69,
5.265255e+69,
1.051662e+70,
2.100544e+70,
4.195519e+70,
8.379887e+70,
1.673745e+71,
3.343018e+71,
6.677082e+71,
1.333623e+72,
2.663656e+72,
5.320123e+72,
1.062585e+73,
2.122286e+73,
4.238799e+73,
8.466035e+73,
1.690892e+74,
3.377147e+74,
6.745008e+74,
1.347142e+75,
2.690561e+75,
5.373664e+75,
1.073239e+76,
2.143488e+76,
4.280987e+76,
8.549981e+76,
1.707594e+77,
3.410378e+77,
6.811123e+77,
1.360295e+78,
2.716727e+78,
5.425717e+78,
1.083594e+79,
2.164084e+79,
4.321954e+79,
8.631460e+79,
1.723799e+80,
3.442606e+80,
6.875213e+80,
1.373040e+81,
2.742070e+81,
5.476108e+81,
1.093613e+82,
2.184004e+82,
4.361556e+82,
8.710188e+82,
1.739449e+83,
3.473715e+83,
6.937047e+83,
1.385330e+84,
2.766495e+84,
5.524649e+84,
1.103259e+85,
2.203172e+85,
4.399641e+85,
8.785859e+85,
1.754483e+86,
3.503581e+86,
6.996375e+86,
1.397115e+87,
2.789902e+87,
5.571137e+87,
1.112491e+88,
2.221505e+88,
4.436046e+88,
8.858140e+88,
1.768834e+89,
3.532070e+89,
7.052929e+89,
1.408340e+90,
2.812182e+90,
5.615353e+90,
1.121266e+91,
2.238916e+91,
4.470591e+91,
8.926676e+91,
1.782429e+92,
3.559038e+92,
7.106417e+92,
1.418948e+93,
2.833217e+93,
5.657062e+93,
1.129535e+94,
2.255309e+94,
4.503085e+94,
8.991079e+94,
1.795192e+95,
3.584329e+95,
7.156525e+95,
1.428875e+96,
2.852880e+96,
5.696007e+96,
1.137247e+97,
2.270581e+97,
4.533319e+97,
9.050928e+97,
1.807038e+98,
3.607772e+98,
7.202912e+98,
1.438052e+99,
2.871034e+99,
5.731910e+99,
1.144347e+100,
2.284617e+100,
4.561067e+100,
9.105771e+100,
1.817876e+101,
3.629183e+101,
7.245206e+101,
1.446405e+102,
2.887527e+102,
5.764469e+102,
1.150773e+103,
2.297298e+103,
4.586083e+103,
9.155110e+103,
1.827605e+104,
3.648362e+104,
7.283004e+104,
1.453852e+105,
2.902196e+105,
5.793355e+105,
1.156460e+106,
2.308489e+106,
4.608099e+106,
9.198407e+106,
1.836117e+107,
3.665090e+107,
7.315867e+107,
1.460305e+108,
2.914863e+108,
5.818210e+108,
1.161334e+109,
2.318044e+109,
4.626821e+109,
9.235073e+109,
1.843293e+110,
3.679129e+110,
7.343314e+110,
1.465668e+111,
2.925334e+111,
5.838642e+111,
1.165318e+112,
2.325806e+112,
4.641931e+112,
9.264463e+112,
1.849005e+113,
3.690217e+113,
7.364818e+113,
1.469834e+114,
2.933395e+114,
5.854219e+114,
1.168324e+115,
2.331599e+115,
4.653077e+115,
9.285869e+115,
1.853108e+116,
3.698067e+116,
7.379802e+116,
1.472687e+117,
2.938812e+117,
5.864471e+117,
1.170258e+118,
2.335232e+118,
4.659872e+118,
9.298513e+118,
1.855447e+119,
3.702363e+119,
7.387627e+119,
1.474098e+120,
2.941324e+120,
5.868875e+120,
1.171014e+121,
2.336493e+121,
4.661889e+121,
9.301535e+121,
1.855848e+122,
3.702756e+122,
7.387591e+122,
1.473925e+123,
2.940648e+123,
5.866854e+123,
1.170476e+124,
2.335147e+124,
4.658657e+124,
9.293982e+124,
1.854119e+125,
3.698858e+125,
7.378911e+125,
1.472012e+126,
2.936464e+126,
5.857770e+126,
1.168515e+127,
2.330935e+127,
4.649650e+127,
9.274796e+127,
1.850046e+128,
3.690239e+128,
7.360721e+128,
1.468182e+129,
2.928420e+129,
5.840907e+129,
1.164987e+130,
2.323566e+130,
4.634282e+130,
9.242796e+130,
1.843391e+131,
3.676418e+131,
7.332050e+131,
1.462241e+132,
2.916121e+132,
5.815473e+132,
1.159731e+133,
2.312716e+133,
4.611902e+133,
9.196665e+133,
1.833889e+134,
3.656860e+134,
7.291817e+134,
1.453970e+135,
2.899128e+135,
5.780578e+135,
1.152569e+136,
2.298025e+136,
4.581779e+136,
9.134931e+136,
1.821243e+137,
3.630965e+137,
7.238815e+137,
1.443126e+138,
2.876948e+138,
5.735230e+138,
1.143301e+139,
2.279088e+139,
4.543101e+139,
9.055955e+139,
1.805122e+140,
3.598067e+140,
7.171699e+140,
1.429437e+141,
2.849036e+141,
5.678330e+141,
1.131705e+142,
2.255460e+142,
4.494967e+142,
8.957923e+142,
1.785161e+143,
3.557429e+143,
7.088986e+143,
1.412605e+144,
2.814790e+144,
5.608666e+144,
1.117536e+145,
2.226649e+145,
4.436391e+145,
8.838849e+145,
1.760959e+146,
3.508249e+146,
6.989062e+146,
1.392305e+147,
2.773558e+147,
5.524929e+147,
1.100532e+148,
2.192126e+148,
4.366309e+148,
8.696600e+148,
1.732090e+149,
3.449668e+149,
6.870205e+149,
1.368193e+150,
2.724647e+150,
5.425730e+150,
1.080416e+151,
2.151336e+151,
4.283609e+151,
8.528951e+151,
1.698108e+152,
3.380796e+152,
6.730635e+152,
1.339912e+153,
2.667349e+153,
5.309655e+153,
1.056903e+154
