jakobi
4.167760e+01,
5.532902e+01,
7.374107e+01,
9.828964e+01,
1.310132e+02,
1.746340e+02,
2.327813e+02,
3.102930e+02,
4.136186e+02,
5.513558e+02,
7.349661e+02,
9.797286e+02,
1.306012e+03,
1.740969e+03,
2.320799e+03,
3.093757e+03,
4.124175e+03,
5.497811e+03,
7.328994e+03,
9.770138e+03,
1.302443e+04,
1.736273e+04,
2.314616e+04,
3.085612e+04,
4.113437e+04,
5.483649e+04,
7.310308e+04,
9.745469e+04,
1.299185e+05,
1.731969e+05,
2.308927e+05,
3.078090e+05,
4.103490e+05,
5.470490e+05,
7.292895e+05,
9.722421e+05,
1.296133e+06,
1.727928e+06,
2.303575e+06,
3.071000e+06,
4.094095e+06,
5.458039e+06,
7.276390e+06,
9.700541e+06,
1.293232e+07,
1.724081e+07,
2.298472e+07,
3.064231e+07,
4.085115e+07,
5.446123e+07,
7.260578e+07,
9.679556e+07,
1.290447e+08,
1.720383e+08,
2.293564e+08,
3.057714e+08,
4.076461e+08,
5.434631e+08,
7.245316e+08,
9.659285e+08,
1.287754e+09,
1.716807e+09,
2.288812e+09,
3.051401e+09,
4.068073e+09,
5.423487e+09,
7.230507e+09,
9.639604e+09,
1.285139e+10,
1.713330e+10,
2.284192e+10,
3.045259e+10,
4.059909e+10,
5.412633e+10,
7.216078e+10,
9.620421e+10,
1.282588e+11,
1.709939e+11,
2.279682e+11,
3.039263e+11,
4.051935e+11,
5.402029e+11,
7.201976e+11,
9.601666e+11,
1.280094e+12,
1.706621e+12,
2.275269e+12,
3.033393e+12,
4.044127e+12,
5.391643e+12,
7.188159e+12,
9.583285e+12,
1.277648e+13,
1.703368e+13,
2.270941e+13,
3.027635e+13,
4.036465e+13,
5.381448e+13,
7.174594e+13,
9.565235e+13,
1.275247e+14,
1.700172e+14,
2.266688e+14,
3.021975e+14,
4.028933e+14,
5.371424e+14,
7.161253e+14,
9.547481e+14,
1.272884e+15,
1.697027e+15,
2.262502e+15,
3.016403e+15,
4.021518e+15,
5.361554e+15,
7.148115e+15,
9.529993e+15,
1.270556e+16,
1.693928e+16,
2.258377e+16,
3.010913e+16,
4.014208e+16,
5.351823e+16,
7.135162e+16,
9.512748e+16,
1.268260e+17,
1.690872e+17,
2.254308e+17,
3.005495e+17,
4.006995e+17,
5.342220e+17,
7.122376e+17,
9.495724e+17,
1.265993e+18,
1.687854e+18,
2.250290e+18,
3.000145e+18,
3.999871e+18,
5.332734e+18,
7.109745e+18,
9.478905e+18,
1.263754e+19,
1.684872e+19,
2.246319e+19,
2.994856e+19,
3.992829e+19,
5.323357e+19,
7.097257e+19,
9.462275e+19,
1.261539e+20,
1.681923e+20,
2.242391e+20,
2.989626e+20,
3.985863e+20,
5.314080e+20,
7.084902e+20,
9.445821e+20,
1.259348e+21,
1.679004e+21,
2.238504e+21,
2.984449e+21,
3.978968e+21,
5.304897e+21,
7.072671e+21,
9.429530e+21,
1.257178e+22,
1.676114e+22,
2.234655e+22,
2.979322e+22,
3.972140e+22,
5.295801e+22,
7.060556e+22,
9.413394e+22,
1.255029e+23,
1.673251e+23,
2.230841e+23,
2.974242e+23,
3.965374e+23,
5.286788e+23,
7.048551e+23,
9.397402e+23,
1.252898e+24,
1.670414e+24,
2.227062e+24,
2.969207e+24,
3.958666e+24,
5.277853e+24,
7.036648e+24,
9.381547e+24,
1.250786e+25,
1.667600e+25,
2.223313e+25,
2.964214e+25,
3.952014e+25,
5.268992e+25,
7.024843e+25,
9.365820e+25,
1.248691e+26,
1.664809e+26,
2.219595e+26,
2.959260e+26,
3.945415e+26,
5.260200e+26,
7.013131e+26,
9.350216e+26,
1.246612e+27,
1.662039e+27,
2.215905e+27,
2.954345e+27,
3.938866e+27,
5.251475e+27,
7.001506e+27,
9.334729e+27,
1.244549e+28,
1.659290e+28,
2.212243e+28,
2.949465e+28,
3.932364e+28,
5.242813e+28,
6.989965e+28,
9.319352e+28,
1.242500e+29,
1.656561e+29,
2.208606e+29,
2.944619e+29,
3.925908e+29,
5.234211e+29,
6.978504e+29,
9.304082e+29,
1.240466e+30,
1.653850e+30,
2.204994e+30,
2.939807e+30,
3.919496e+30,
5.225667e+30,
6.967120e+30,
9.288913e+30,
1.238444e+31,
1.651157e+31,
2.201405e+31,
2.935025e+31,
3.913125e+31,
5.217178e+31,
6.955808e+31,
9.273841e+31,
1.236436e+32,
1.648481e+32,
2.197840e+32,
2.930274e+32,
3.906794e+32,
5.208742e+32,
6.944567e+32,
9.258862e+32,
1.234440e+33,
1.645821e+33,
2.194296e+33,
2.925552e+33,
3.900501e+33,
5.200357e+33,
6.933394e+33,
9.243973e+33,
1.232456e+34,
1.643177e+34,
2.190773e+34,
2.920857e+34,
3.894246e+34,
5.192021e+34,
6.922286e+34,
9.229171e+34,
1.230484e+35,
1.640549e+35,
2.187270e+35,
2.916190e+35,
3.888026e+35,
5.183732e+35,
6.911240e+35,
9.214452e+35,
1.228522e+36,
1.637935e+36,
2.183787e+36,
2.911548e+36,
3.881840e+36,
5.175489e+36,
6.900256e+36,
9.199813e+36,
1.226572e+37,
1.635335e+37,
2.180323e+37,
2.906931e+37,
3.875688e+37,
5.167290e+37,
6.889329e+37,
9.185252e+37,
1.224631e+38,
1.632749e+38,
2.176876e+38,
2.902339e+38,
3.869567e+38,
5.159134e+38,
6.878460e+38,
9.170767e+38,
1.222701e+39,
1.630177e+39,
2.173448e+39,
2.897770e+39,
3.863478e+39,
5.151019e+39,
6.867645e+39,
9.156355e+39,
1.220780e+40,
1.627617e+40,
2.170037e+40,
2.893223e+40,
3.857419e+40,
5.142944e+40,
6.856884e+40,
9.142013e+40,
1.218869e+41,
1.625070e+41,
2.166642e+41,
2.888699e+41,
3.851390e+41,
5.134909e+41,
6.846175e+41,
9.127740e+41,
1.216966e+42,
1.622535e+42,
2.163263e+42,
2.884196e+42,
3.845389e+42,
5.126911e+42,
6.835515e+42,
9.113534e+42,
1.215073e+43,
1.620011e+43,
2.159900e+43,
2.879714e+43,
3.839415e+43,
5.118949e+43,
6.824905e+43,
9.099393e+43,
1.213188e+44,
1.617499e+44,
2.156553e+44,
2.875252e+44,
3.833469e+44,
5.111024e+44,
6.814342e+44,
9.085315e+44,
1.211312e+45,
1.614999e+45,
2.153220e+45,
2.870810e+45,
3.827549e+45,
5.103134e+45,
6.803826e+45,
9.071299e+45,
1.209444e+46,
1.612509e+46,
2.149901e+46,
2.866388e+46,
3.821654e+46,
5.095277e+46,
6.793355e+46,
9.057343e+46,
1.207584e+47,
1.610030e+47,
2.146597e+47,
2.861984e+47,
3.815784e+47,
5.087454e+47,
6.782928e+47,
9.043446e+47,
1.205732e+48,
1.607561e+48,
2.143307e+48,
2.857598e+48,
3.809939e+48,
5.079663e+48,
6.772544e+48,
9.029606e+48,
1.203887e+49,
1.605102e+49,
2.140030e+49,
2.853230e+49,
3.804117e+49,
5.071904e+49,
6.762202e+49,
9.015821e+49,
1.202050e+50,
1.602654e+50,
2.136766e+50,
2.848880e+50,
3.798319e+50,
5.064176e+50,
6.751901e+50,
9.002092e+50,
1.200220e+51,
1.600215e+51,
2.133515e+51,
2.844547e+51,
3.792544e+51,
5.056477e+51,
6.741641e+51,
8.988416e+51,
1.198397e+52,
1.597785e+52,
2.130276e+52,
2.840230e+52,
3.786790e+52,
5.048809e+52,
6.731419e+52,
8.974792e+52,
1.196581e+53,
1.595365e+53,
2.127050e+53,
2.835930e+53,
3.781059e+53,
5.041169e+53,
6.721237e+53,
8.961220e+53,
1.194772e+54,
1.592953e+54,
2.123836e+54,
2.831646e+54,
3.775349e+54,
5.033558e+54,
6.711092e+54,
8.947697e+54,
1.192970e+55,
1.590551e+55,
2.120634e+55,
2.827378e+55,
3.769659e+55,
5.025975e+55,
6.700984e+55,
8.934224e+55,
1.191174e+56,
1.588157e+56,
2.117443e+56,
2.823125e+56,
3.763991e+56,
5.018419e+56,
6.690912e+56,
8.920800e+56,
1.189384e+57,
1.585772e+57,
2.114264e+57,
2.818888e+57,
3.758342e+57,
5.010890e+57,
6.680876e+57,
8.907422e+57,
1.187601e+58,
1.583395e+58,
2.111096e+58,
2.814665e+58,
3.752713e+58,
5.003387e+58,
6.670875e+58,
8.894091e+58,
1.185824e+59,
1.581027e+59,
2.107939e+59,
2.810456e+59,
3.747104e+59,
4.995910e+59,
6.660909e+59,
8.880806e+59,
1.184054e+60,
1.578666e+60,
2.104792e+60,
2.806262e+60,
3.741513e+60,
4.988458e+60,
6.650976e+60,
8.867566e+60,
1.182289e+61,
1.576314e+61,
2.101657e+61,
2.802082e+61,
3.735942e+61,
4.981031e+61,
6.641076e+61,
8.854370e+61,
1.180530e+62,
1.573969e+62,
2.098531e+62,
2.797916e+62,
3.730388e+62,
4.973629e+62,
6.631209e+62,
8.841217e+62,
1.178776e+63,
1.571632e+63,
2.095416e+63,
2.793764e+63,
3.724853e+63,
4.966250e+63,
6.621374e+63,
8.828107e+63,
1.177029e+64,
1.569302e+64,
2.092311e+64,
2.789625e+64,
3.719336e+64,
4.958896e+64,
6.611570e+64,
8.815039e+64,
1.175287e+65,
1.566980e+65,
2.089216e+65,
2.785499e+65,
3.713836e+65,
4.951565e+65,
6.601798e+65,
8.802013e+65,
1.173550e+66,
1.564666e+66,
2.086130e+66,
2.781386e+66,
3.708353e+66,
4.944256e+66,
6.592056e+66,
8.789027e+66,
1.171819e+67,
1.562358e+67,
2.083054e+67,
2.777286e+67,
3.702888e+67,
4.936971e+67,
6.582344e+67,
8.776081e+67,
1.170094e+68,
1.560058e+68,
2.079988e+68,
2.773198e+68,
3.697439e+68,
4.929707e+68,
6.572662e+68,
8.763174e+68,
1.168373e+69,
1.557765e+69,
2.076931e+69,
2.769123e+69,
3.692007e+69,
4.922466e+69,
6.563009e+69,
8.750307e+69,
1.166658e+70,
1.555478e+70,
2.073883e+70,
2.765060e+70,
3.686591e+70,
4.915246e+70,
6.553385e+70,
8.737478e+70,
1.164948e+71,
1.553198e+71,
2.070844e+71,
2.761009e+71,
3.681191e+71,
4.908048e+71,
6.543789e+71,
8.724686e+71,
1.163243e+72,
1.550925e+72,
2.067814e+72,
2.756970e+72,
3.675807e+72,
4.900871e+72,
6.534222e+72,
8.711933e+72,
1.161543e+73,
1.548659e+73,
2.064793e+73,
2.752943e+73,
3.670438e+73,
4.893714e+73,
6.524682e+73,
8.699216e+73,
1.159847e+74,
1.546399e+74,
2.061780e+74,
2.748927e+74,
3.665085e+74,
4.886578e+74,
6.515169e+74,
8.686535e+74,
1.158157e+75,
1.544146e+75,
2.058777e+75,
2.744923e+75,
3.659747e+75,
4.879463e+75,
6.505684e+75,
8.673890e+75,
1.156471e+76,
1.541899e+76,
2.055781e+76,
2.740930e+76,
3.654424e+76,
4.872367e+76,
6.496225e+76,
8.661281e+76,
1.154790e+77,
1.539658e+77,
2.052794e+77,
2.736948e+77,
3.649116e+77,
4.865291e+77,
6.486792e+77,
8.648706e+77,
1.153114e+78,
1.537424e+78,
2.049815e+78,
2.732977e+78,
3.643822e+78,
4.858234e+78,
6.477385e+78,
8.636166e+78,
1.151443e+79,
1.535195e+79,
2.046845e+79,
2.729017e+79,
3.638544e+79,
4.851197e+79,
6.468004e+79,
8.623661e+79,
1.149776e+80,
1.532973e+80,
2.043882e+80,
2.725068e+80,
3.633279e+80,
4.844179e+80,
6.458648e+80,
8.611189e+80,
1.148113e+81,
1.530756e+81,
2.040928e+81,
2.721129e+81,
3.628028e+81,
4.837180e+81,
6.449318e+81,
8.598750e+81,
1.146455e+82,
1.528546e+82,
2.037981e+82,
2.717201e+82,
3.622792e+82,
4.830199e+82,
6.440012e+82,
8.586345e+82,
1.144801e+83,
1.526341e+83,
2.035042e+83,
2.713283e+83,
3.617569e+83,
4.823237e+83,
6.430730e+83,
8.573972e+83,
1.143152e+84,
1.524143e+84,
2.032111e+84,
2.709376e+84,
3.612360e+84,
4.816292e+84,
6.421473e+84,
8.561631e+84,
1.141507e+85,
1.521950e+85,
2.029187e+85,
2.705478e+85,
3.607164e+85,
4.809366e+85,
6.412240e+85,
8.549323e+85,
1.139866e+86,
1.519762e+86,
2.026271e+86,
2.701591e+86,
3.601982e+86,
4.802458e+86,
6.403031e+86,
8.537046e+86,
1.138229e+87,
1.517580e+87,
2.023363e+87,
2.697713e+87,
3.596813e+87,
4.795567e+87,
6.393845e+87,
8.524800e+87,
1.136597e+88,
1.515404e+88,
2.020462e+88,
2.693846e+88,
3.591657e+88,
4.788694e+88,
6.384682e+88,
8.512585e+88,
1.134968e+89,
1.513233e+89,
2.017568e+89,
2.689988e+89,
3.586515e+89,
4.781838e+89,
6.375542e+89,
8.500401e+89,
1.133344e+90,
1.511068e+90,
2.014681e+90,
2.686140e+90,
3.581385e+90,
4.774999e+90,
6.366425e+90,
8.488247e+90,
1.131724e+91,
1.508908e+91,
2.011802e+91,
2.682301e+91,
3.576267e+91,
4.768177e+91,
6.357331e+91,
8.476123e+91,
1.130107e+92,
1.506753e+92,
2.008929e+92,
2.678472e+92,
3.571162e+92,
4.761372e+92,
6.348259e+92,
8.464029e+92,
1.128495e+93,
1.504604e+93,
2.006064e+93,
2.674652e+93,
3.566070e+93,
4.754583e+93,
6.339209e+93,
8.451964e+93,
1.126887e+94,
1.502460e+94,
2.003206e+94,
2.670842e+94,
3.560990e+94,
4.747811e+94,
6.330181e+94,
8.439929e+94,
1.125282e+95,
1.500321e+95,
2.000354e+95,
2.667040e+95,
3.555923e+95,
4.741055e+95,
6.321174e+95,
8.427922e+95,
1.123682e+96,
1.498187e+96,
1.997509e+96,
2.663248e+96,
3.550867e+96,
4.734316e+96,
6.312190e+96,
8.415944e+96,
1.122085e+97,
1.496058e+97,
1.994672e+97,
2.659465e+97,
3.545824e+97,
4.727592e+97,
6.303226e+97,
8.403995e+97,
1.120492e+98,
1.493935e+98,
1.991840e+98,
2.655690e+98,
3.540792e+98,
4.720884e+98,
6.294284e+98,
8.392074e+98,
1.118903e+99,
1.491816e+99,
1.989016e+99,
2.651925e+99,
3.535772e+99,
4.714192e+99,
6.285362e+99,
8.380180e+99,
1.117317e+100,
1.489702e+100,
1.986198e+100,
2.648168e+100,
3.530764e+100,
4.707516e+100,
6.276462e+100,
8.368314e+100,
1.115735e+101,
1.487593e+101,
1.983387e+101,
2.644420e+101,
3.525767e+101,
4.700855e+101,
6.267582e+101,
8.356476e+101,
1.114157e+102,
1.485489e+102,
1.980582e+102,
2.640681e+102,
3.520782e+102,
4.694209e+102,
6.258722e+102,
8.344665e+102,
1.112582e+103,
1.483390e+103,
1.977783e+103,
2.636950e+103,
3.515809e+103,
4.687578e+103,
6.249883e+103,
8.332881e+103,
1.111011e+104,
1.481296e+104,
1.974991e+104,
2.633228e+104,
3.510847e+104,
4.680963e+104,
6.241063e+104,
8.321123e+104,
1.109444e+105,
1.479206e+105,
1.972205e+105,
2.629514e+105,
3.505896e+105,
4.674363e+105,
6.232264e+105,
8.309393e+105,
1.107880e+106,
1.477121e+106,
1.969426e+106,
2.625809e+106,
3.500956e+106,
4.667777e+106,
6.223484e+106,
8.297688e+106,
1.106320e+107,
1.475041e+107,
1.966653e+107,
2.622112e+107,
3.496027e+107,
4.661206e+107,
6.214724e+107,
8.286010e+107,
1.104763e+108,
1.472966e+108,
1.963886e+108,
2.618423e+108,
3.491109e+108,
4.654650e+108,
6.205984e+108,
8.274357e+108,
1.103209e+109,
1.470895e+109,
1.961125e+109,
2.614742e+109,
3.486202e+109,
4.648108e+109,
6.197263e+109,
8.262731e+109,
1.101659e+110,
1.468828e+110,
1.958370e+110,
2.611070e+110,
3.481306e+110,
4.641581e+110,
6.188561e+110,
8.251130e+110,
1.100113e+111,
1.466766e+111,
1.955621e+111,
2.607405e+111,
3.476420e+111,
4.635068e+111,
6.179878e+111,
8.239554e+111,
1.098569e+112,
1.464709e+112,
1.952878e+112,
2.603748e+112,
3.471546e+112,
4.628569e+112,
6.171214e+112,
8.228004e+112,
1.097030e+113,
1.462656e+113,
1.950142e+113,
2.600100e+113,
3.466681e+113,
4.622084e+113,
6.162569e+113,
8.216478e+113,
1.095493e+114,
1.460608e+114,
1.947411e+114,
2.596459e+114,
3.461828e+114,
4.615613e+114,
6.153942e+114,
8.204977e+114,
1.093960e+115,
1.458564e+115,
1.944686e+115,
2.592826e+115,
3.456984e+115,
4.609156e+115,
6.145334e+115,
8.193501e+115,
1.092430e+116,
1.456524e+116,
1.941966e+116,
2.589201e+116,
3.452151e+116,
4.602713e+116,
6.136744e+116,
8.182050e+116,
1.090903e+117,
1.454489e+117,
1.939253e+117,
2.585584e+117,
3.447329e+117,
4.596284e+117,
6.128173e+117,
8.170622e+117,
1.089380e+118,
1.452458e+118,
1.936545e+118,
2.581974e+118,
3.442516e+118,
4.589868e+118,
6.119619e+118,
8.159219e+118,
1.087860e+119,
1.450431e+119,
1.933843e+119,
2.578372e+119,
3.437714e+119,
4.583466e+119,
6.111084e+119,
8.147840e+119,
1.086342e+120,
1.448408e+120,
1.931147e+120,
2.574777e+120,
3.432922e+120,
4.577077e+120,
6.102566e+120,
8.136485e+120,
1.084829e+121,
1.446390e+121,
1.928456e+121,
2.571190e+121,
3.428139e+121,
4.570701e+121,
6.094067e+121,
8.125153e+121,
1.083318e+122,
1.444376e+122,
1.925771e+122,
2.567610e+122,
3.423367e+122,
4.564339e+122,
6.085584e+122,
8.113845e+122,
1.081810e+123,
1.442366e+123,
1.923092e+123,
2.564038e+123,
3.418605e+123,
4.557990e+123,
6.077120e+123,
8.102560e+123,
1.080306e+124,
1.440361e+124,
1.920418e+124,
2.560473e+124,
3.413852e+124,
4.551654e+124,
6.068673e+124,
8.091299e+124,
1.078805e+125,
1.438359e+125,
1.917749e+125,
2.556915e+125,
3.409109e+125,
4.545331e+125,
6.060243e+125,
8.080060e+125,
1.077306e+126,
1.436361e+126,
1.915086e+126,
2.553365e+126,
3.404376e+126